2025 6 8 87
2025 6 10 86.9
2025 6 12 86.7
2025 6 16 87.2
2025 6 18 87.2
2025 6 20 86.8
2025 6 25 85.9
2025 7 2 85.2
2025 7 7 86
2025 7 9 85.7
2025 7 16 85.8
2025 7 17 86.2
2025 7 22 85.8
2025 7 24 86.4
2025 7 25 85.7
2025 8 1 85.1
2025 8 11 86.4
2025 8 12 86.3
2025 8 20 88
2025 8 22 88.7
2025 8 26 88.6
2025 8 27 88.1
2025 9 3 87.9
2025 9 10 88
2025 9 15 87.6
2025 10 1 87
2025 10 10 86.4
2025 10 15 86.8
2025 10 24 86.4
2025 10 25 85.9
2025 11 20 85.8
2025 11 21 87
2025 11 22 85
2025 11 23 85.5
2025 11 24 85.9
2025 11 25 84.3
2025 11 26 85.3
2025 11 27 84.1
2025 11 28 84.3
2025 11 29 83.9
2025 11 30 83.9
2025 12 1 84.5
